QGC WPL 110
0	1	0	16	0.000000	0.000000	0.000000	0.000000	-35.359361	149.163528	50.00000	1
1	0	3	16	0.000000	0.000000	0.000000	0.000000	-35.358561	149.163528	50.00000	1	
2	0	3	16	0.000000	0.000000	0.000000	0.000000	-35.358561	149.164328	50.00000	1
3	0	3	16	0.000000	0.000000	0.000000	0.000000	-35.358561	149.165128	50.00000	1
4	0	3	16	0.000000	0.000000	0.000000	0.000000	-35.359361	149.165128	50.00000	1	
5	0	3	16	0.000000	0.000000	0.000000	0.000000	-35.360161	149.165128	50.00000	1	
6	0	3	16	0.000000	0.000000	0.000000	0.000000	-35.360161	149.164328	50.00000	1	
7	0	3	16	0.000000	0.000000	0.000000	0.000000	-35.360161	149.163528	50.00000	1
8	0	3	16	0.000000	0.000000	0.000000	0.000000	-35.359361	149.163528	50.00000	1
9	0	3	16	0.000000	0.000000	0.000000	0.000000	-35.358561	149.163528	50.00000	1	
10	0	3	16	0.000000	0.000000	0.000000	0.000000	-35.358561	149.164328	50.00000	1
11	0	3	16	0.000000	0.000000	0.000000	0.000000	-35.358561	149.165128	50.00000	1
12	0	3	16	0.000000	0.000000	0.000000	0.000000	-35.359361	149.165128	50.00000	1	
13	0	3	16	0.000000	0.000000	0.000000	0.000000	-35.360161	149.165128	50.00000	1	
14	0	3	16	0.000000	0.000000	0.000000	0.000000	-35.360161	149.164328	50.00000	1	
15	0	3	16	0.000000	0.000000	0.000000	0.000000	-35.360161	149.163528	50.00000	1
16	0	3	16	0.000000	0.000000	0.000000	0.000000	-35.359361	149.163528	50.00000	1
17	0	3	16	0.000000	0.000000	0.000000	0.000000	-35.358561	149.163528	50.00000	1	
18	0	3	16	0.000000	0.000000	0.000000	0.000000	-35.358561	149.164328	50.00000	1
19	0	3	16	0.000000	0.000000	0.000000	0.000000	-35.358561	149.165128	50.00000	1
20	0	3	16	0.000000	0.000000	0.000000	0.000000	-35.359361	149.165128	50.00000	1	
21	0	3	16	0.000000	0.000000	0.000000	0.000000	-35.360161	149.165128	50.00000	1	
22	0	3	16	0.000000	0.000000	0.000000	0.000000	-35.360161	149.164328	50.00000	1	
23	0	3	16	0.000000	0.000000	0.000000	0.000000	-35.360161	149.163528	50.00000	1
24	0	3	16	0.000000	0.000000	0.000000	0.000000	-35.359361	149.163528	50.00000	1
25	0	3	16	0.000000	0.000000	0.000000	0.000000	-35.358561	149.163528	50.00000	1	
26	0	3	16	0.000000	0.000000	0.000000	0.000000	-35.358561	149.164328	50.00000	1
27	0	3	16	0.000000	0.000000	0.000000	0.000000	-35.358561	149.165128	50.00000	1
28	0	3	16	0.000000	0.000000	0.000000	0.000000	-35.359361	149.165128	50.00000	1	
29	0	3	16	0.000000	0.000000	0.000000	0.000000	-35.360161	149.165128	50.00000	1	
30	0	3	16	0.000000	0.000000	0.000000	0.000000	-35.360161	149.164328	50.00000	1	
31	0	3	16	0.000000	0.000000	0.000000	0.000000	-35.360161	149.163528	50.00000	1
32	0	3	16	0.000000	0.000000	0.000000	0.000000	-35.359361	149.163528	50.00000	1
33	0	3	16	0.000000	0.000000	0.000000	0.000000	-35.358561	149.163528	50.00000	1	
34	0	3	16	0.000000	0.000000	0.000000	0.000000	-35.358561	149.164328	50.00000	1
35	0	3	16	0.000000	0.000000	0.000000	0.000000	-35.358561	149.165128	50.00000	1
36	0	3	16	0.000000	0.000000	0.000000	0.000000	-35.359361	149.165128	50.00000	1	
37	0	3	16	0.000000	0.000000	0.000000	0.000000	-35.360161	149.165128	50.00000	1	
38	0	3	16	0.000000	0.000000	0.000000	0.000000	-35.360161	149.164328	50.00000	1	
39	0	3	16	0.000000	0.000000	0.000000	0.000000	-35.360161	149.163528	50.00000	1
40	0	3	16	0.000000	0.000000	0.000000	0.000000	-35.359361	149.163528	50.00000	1
41	0	3	16	0.000000	0.000000	0.000000	0.000000	-35.358561	149.163528	50.00000	1	
42	0	3	16	0.000000	0.000000	0.000000	0.000000	-35.358561	149.164328	50.00000	1
43	0	3	16	0.000000	0.000000	0.000000	0.000000	-35.358561	149.165128	50.00000	1
44	0	3	16	0.000000	0.000000	0.000000	0.000000	-35.359361	149.165128	50.00000	1	
45	0	3	16	0.000000	0.000000	0.000000	0.000000	-35.360161	149.165128	50.00000	1	
46	0	3	16	0.000000	0.000000	0.000000	0.000000	-35.360161	149.164328	50.00000	1	
47	0	3	16	0.000000	0.000000	0.000000	0.000000	-35.360161	149.163528	50.00000	1
48	0	3	16	0.000000	0.000000	0.000000	0.000000	-35.359361	149.163528	50.00000	1
49	0	3	16	0.000000	0.000000	0.000000	0.000000	-35.358561	149.163528	50.00000	1	
50	0	3	16	0.000000	0.000000	0.000000	0.000000	-35.358561	149.164328	50.00000	1
51	0	3	16	0.000000	0.000000	0.000000	0.000000	-35.358561	149.165128	50.00000	1
52	0	3	16	0.000000	0.000000	0.000000	0.000000	-35.359361	149.165128	50.00000	1	
53	0	3	16	0.000000	0.000000	0.000000	0.000000	-35.360161	149.165128	50.00000	1	
54	0	3	16	0.000000	0.000000	0.000000	0.000000	-35.360161	149.164328	50.00000	1	
55	0	3	16	0.000000	0.000000	0.000000	0.000000	-35.360161	149.163528	50.00000	1
56	0	3	16	0.000000	0.000000	0.000000	0.000000	-35.359361	149.163528	50.00000	1
57	0	3	16	0.000000	0.000000	0.000000	0.000000	-35.358561	149.163528	50.00000	1	
58	0	3	16	0.000000	0.000000	0.000000	0.000000	-35.358561	149.164328	50.00000	1
59	0	3	16	0.000000	0.000000	0.000000	0.000000	-35.358561	149.165128	50.00000	1
60	0	3	16	0.000000	0.000000	0.000000	0.000000	-35.359361	149.165128	50.00000	1	
61	0	3	16	0.000000	0.000000	0.000000	0.000000	-35.360161	149.165128	50.00000	1	
62	0	3	16	0.000000	0.000000	0.000000	0.000000	-35.360161	149.164328	50.00000	1	
62	0	3	16	0.000000	0.000000	0.000000	0.000000	-35.360161	149.163528	50.00000	1
63	0	3	16	0.000000	0.000000	0.000000	0.000000	-35.359361	149.163528	50.00000	1
64	0	3	16	0.000000	0.000000	0.000000	0.000000	-35.358561	149.163528	50.00000	1	
65	0	3	16	0.000000	0.000000	0.000000	0.000000	-35.358561	149.164328	50.00000	1
66	0	3	16	0.000000	0.000000	0.000000	0.000000	-35.358561	149.165128	50.00000	1
67	0	3	16	0.000000	0.000000	0.000000	0.000000	-35.359361	149.165128	50.00000	1	
68	0	3	16	0.000000	0.000000	0.000000	0.000000	-35.360161	149.165128	50.00000	1	
69	0	3	16	0.000000	0.000000	0.000000	0.000000	-35.360161	149.164328	50.00000	1	
70	0	3	16	0.000000	0.000000	0.000000	0.000000	-35.360161	149.163528	50.00000	1
71	0	3	16	0.000000	0.000000	0.000000	0.000000	-35.359361	149.163528	50.00000	1
72	0	3	16	0.000000	0.000000	0.000000	0.000000	-35.358561	149.163528	50.00000	1	
73	0	3	16	0.000000	0.000000	0.000000	0.000000	-35.358561	149.164328	50.00000	1
74	0	3	16	0.000000	0.000000	0.000000	0.000000	-35.358561	149.165128	50.00000	1
75	0	3	16	0.000000	0.000000	0.000000	0.000000	-35.359361	149.165128	50.00000	1	
76	0	3	16	0.000000	0.000000	0.000000	0.000000	-35.360161	149.165128	50.00000	1	
77	0	3	16	0.000000	0.000000	0.000000	0.000000	-35.360161	149.164328	50.00000	1	
78	0	3	16	0.000000	0.000000	0.000000	0.000000	-35.360161	149.163528	50.00000	1
79	0	3	16	0.000000	0.000000	0.000000	0.000000	-35.359361	149.163528	50.00000	1
80	0	3	16	0.000000	0.000000	0.000000	0.000000	-35.358561	149.163528	50.00000	1	
81	0	3	16	0.000000	0.000000	0.000000	0.000000	-35.358561	149.164328	50.00000	1
82	0	3	16	0.000000	0.000000	0.000000	0.000000	-35.358561	149.165128	50.00000	1
83	0	3	16	0.000000	0.000000	0.000000	0.000000	-35.359361	149.165128	50.00000	1	
84	0	3	16	0.000000	0.000000	0.000000	0.000000	-35.360161	149.165128	50.00000	1	
85	0	3	16	0.000000	0.000000	0.000000	0.000000	-35.360161	149.164328	50.00000	1	
86	0	3	16	0.000000	0.000000	0.000000	0.000000	-35.360161	149.163528	50.00000	1
87	0	3	16	0	0	0	0	-35.359361	149.163528	50	1
88	0	3	16	0	0	0	0	-35.358561	149.163528	50	1
89	0	3	16	0	0	0	0	-35.358561	149.164328	50	1
90	0	3	16	0	0	0	0	-35.358561	149.165128	50	1
91	0	3	16	0	0	0	0	-35.359361	149.165128	50	1
92	0	3	16	0	0	0	0	-35.360161	149.165128	50	1
93	0	3	16	0	0	0	0	-35.360161	149.164328	50	1
94	0	3	16	0	0	0	0	-35.360161	149.163528	50	1
95	0	3	16	0	0	0	0	-35.359361	149.163528	50	1
96	0	3	16	0	0	0	0	-35.358561	149.163528	50	1
97	0	3	16	0	0	0	0	-35.358561	149.164328	50	1
98	0	3	16	0	0	0	0	-35.358561	149.165128	50	1
99	0	3	16	0	0	0	0	-35.359361	149.165128	50	1
100	0	3	16	0	0	0	0	-35.360161	149.165128	50	1
101	0	3	16	0	0	0	0	-35.360161	149.164328	50	1
102	0	3	16	0	0	0	0	-35.360161	149.163528	50	1
103	0	3	16	0	0	0	0	-35.359361	149.163528	50	1
104	0	3	16	0	0	0	0	-35.358561	149.163528	50	1
105	0	3	16	0	0	0	0	-35.358561	149.164328	50	1
106	0	3	16	0	0	0	0	-35.358561	149.165128	50	1
107	0	3	16	0	0	0	0	-35.359361	149.165128	50	1
108	0	3	16	0	0	0	0	-35.360161	149.165128	50	1
109	0	3	16	0	0	0	0	-35.360161	149.164328	50	1
110	0	3	16	0	0	0	0	-35.360161	149.163528	50	1
111	0	3	16	0	0	0	0	-35.359361	149.163528	50	1
112	0	3	16	0	0	0	0	-35.358561	149.163528	50	1
113	0	3	16	0	0	0	0	-35.358561	149.164328	50	1
114	0	3	16	0	0	0	0	-35.358561	149.165128	50	1
115	0	3	16	0	0	0	0	-35.359361	149.165128	50	1
116	0	3	16	0	0	0	0	-35.360161	149.165128	50	1
117	0	3	16	0	0	0	0	-35.360161	149.164328	50	1
118	0	3	16	0	0	0	0	-35.360161	149.163528	50	1
119	0	3	16	0	0	0	0	-35.359361	149.163528	50	1
120	0	3	16	0	0	0	0	-35.358561	149.163528	50	1
121	0	3	16	0	0	0	0	-35.358561	149.164328	50	1
122	0	3	16	0	0	0	0	-35.358561	149.165128	50	1
123	0	3	16	0	0	0	0	-35.359361	149.165128	50	1
124	0	3	16	0	0	0	0	-35.360161	149.165128	50	1
125	0	3	16	0	0	0	0	-35.360161	149.164328	50	1
126	0	3	16	0	0	0	0	-35.360161	149.163528	50	1
127	0	3	16	0	0	0	0	-35.359361	149.163528	50	1
128	0	3	16	0	0	0	0	-35.358561	149.163528	50	1
129	0	3	16	0	0	0	0	-35.358561	149.164328	50	1
130	0	3	16	0	0	0	0	-35.358561	149.165128	50	1
131	0	3	16	0	0	0	0	-35.359361	149.165128	50	1
132	0	3	16	0	0	0	0	-35.360161	149.165128	50	1
133	0	3	16	0	0	0	0	-35.360161	149.164328	50	1
134	0	3	16	0	0	0	0	-35.360161	149.163528	50	1
135	0	3	16	0	0	0	0	-35.359361	149.163528	50	1
136	0	3	16	0	0	0	0	-35.358561	149.163528	50	1
137	0	3	16	0	0	0	0	-35.358561	149.164328	50	1
138	0	3	16	0	0	0	0	-35.358561	149.165128	50	1
139	0	3	16	0	0	0	0	-35.359361	149.165128	50	1
140	0	3	16	0	0	0	0	-35.360161	149.165128	50	1
141	0	3	16	0	0	0	0	-35.360161	149.164328	50	1
142	0	3	16	0	0	0	0	-35.360161	149.163528	50	1
143	0	3	16	0	0	0	0	-35.359361	149.163528	50	1
144	0	3	16	0	0	0	0	-35.358561	149.163528	50	1
145	0	3	16	0	0	0	0	-35.358561	149.164328	50	1
146	0	3	16	0	0	0	0	-35.358561	149.165128	50	1
147	0	3	16	0	0	0	0	-35.359361	149.165128	50	1
148	0	3	16	0	0	0	0	-35.360161	149.165128	50	1
149	0	3	16	0	0	0	0	-35.360161	149.164328	50	1
150	0	3	16	0	0	0	0	-35.360161	149.163528	50	1
151	0	3	16	0	0	0	0	-35.359361	149.163528	50	1
152	0	3	16	0	0	0	0	-35.358561	149.163528	50	1
153	0	3	16	0	0	0	0	-35.358561	149.164328	50	1
154	0	3	16	0	0	0	0	-35.358561	149.165128	50	1
155	0	3	16	0	0	0	0	-35.359361	149.165128	50	1
156	0	3	16	0	0	0	0	-35.360161	149.165128	50	1
157	0	3	16	0	0	0	0	-35.360161	149.164328	50	1
158	0	3	16	0	0	0	0	-35.360161	149.163528	50	1
159	0	3	16	0	0	0	0	-35.359361	149.163528	50	1
160	0	3	16	0	0	0	0	-35.358561	149.163528	50	1
161	0	3	16	0	0	0	0	-35.358561	149.164328	50	1
162	0	3	16	0	0	0	0	-35.358561	149.165128	50	1
163	0	3	16	0	0	0	0	-35.359361	149.165128	50	1
164	0	3	16	0	0	0	0	-35.360161	149.165128	50	1
165	0	3	16	0	0	0	0	-35.360161	149.164328	50	1
166	0	3	16	0	0	0	0	-35.360161	149.163528	50	1
167	0	3	16	0	0	0	0	-35.359361	149.163528	50	1
168	0	3	16	0	0	0	0	-35.358561	149.163528	50	1
169	0	3	16	0	0	0	0	-35.358561	149.164328	50	1
170	0	3	16	0	0	0	0	-35.358561	149.165128	50	1
171	0	3	16	0	0	0	0	-35.359361	149.165128	50	1
172	0	3	16	0	0	0	0	-35.360161	149.165128	50	1
173	0	3	16	0	0	0	0	-35.360161	149.164328	50	1
174	0	3	16	0	0	0	0	-35.360161	149.163528	50	1
175	0	3	16	0	0	0	0	-35.359361	149.163528	50	1
176	0	3	16	0	0	0	0	-35.358561	149.163528	50	1
177	0	3	16	0	0	0	0	-35.358561	149.164328	50	1
178	0	3	16	0	0	0	0	-35.358561	149.165128	50	1
179	0	3	16	0	0	0	0	-35.359361	149.165128	50	1
180	0	3	16	0	0	0	0	-35.360161	149.165128	50	1
181	0	3	16	0	0	0	0	-35.360161	149.164328	50	1
182	0	3	16	0	0	0	0	-35.360161	149.163528	50	1
183	0	3	16	0	0	0	0	-35.359361	149.163528	50	1
184	0	3	16	0	0	0	0	-35.358561	149.163528	50	1
185	0	3	16	0	0	0	0	-35.358561	149.164328	50	1
186	0	3	16	0	0	0	0	-35.358561	149.165128	50	1
187	0	3	16	0	0	0	0	-35.359361	149.165128	50	1
188	0	3	16	0	0	0	0	-35.360161	149.165128	50	1
189	0	3	16	0	0	0	0	-35.360161	149.164328	50	1
190	0	3	16	0	0	0	0	-35.360161	149.163528	50	1
191	0	3	16	0	0	0	0	-35.359361	149.163528	50	1
192	0	3	16	0	0	0	0	-35.358561	149.163528	50	1
193	0	3	16	0	0	0	0	-35.358561	149.164328	50	1
194	0	3	16	0	0	0	0	-35.358561	149.165128	50	1
195	0	3	16	0	0	0	0	-35.359361	149.165128	50	1
196	0	3	16	0	0	0	0	-35.360161	149.165128	50	1
197	0	3	16	0	0	0	0	-35.360161	149.164328	50	1
198	0	3	16	0	0	0	0	-35.360161	149.163528	50	1
199	0	3	16	0	0	0	0	-35.359361	149.163528	50	1
200	0	3	16	0	0	0	0	-35.358561	149.163528	50	1
201	0	3	16	0	0	0	0	-35.358561	149.164328	50	1
202	0	3	16	0	0	0	0	-35.358561	149.165128	50	1
203	0	3	16	0	0	0	0	-35.359361	149.165128	50	1
204	0	3	16	0	0	0	0	-35.360161	149.165128	50	1
205	0	3	16	0	0	0	0	-35.360161	149.164328	50	1
206	0	3	16	0	0	0	0	-35.360161	149.163528	50	1
207	0	3	16	0	0	0	0	-35.359361	149.163528	50	1
208	0	3	16	0	0	0	0	-35.358561	149.163528	50	1
209	0	3	16	0	0	0	0	-35.358561	149.164328	50	1
210	0	3	16	0	0	0	0	-35.358561	149.165128	50	1
211	0	3	16	0	0	0	0	-35.359361	149.165128	50	1
212	0	3	16	0	0	0	0	-35.360161	149.165128	50	1
213	0	3	16	0	0	0	0	-35.360161	149.164328	50	1
214	0	3	16	0	0	0	0	-35.360161	149.163528	50	1
215	0	3	16	0	0	0	0	-35.359361	149.163528	50	1
216	0	3	16	0	0	0	0	-35.358561	149.163528	50	1
217	0	3	16	0	0	0	0	-35.358561	149.164328	50	1
218	0	3	16	0	0	0	0	-35.358561	149.165128	50	1
219	0	3	16	0	0	0	0	-35.359361	149.165128	50	1
220	0	3	16	0	0	0	0	-35.360161	149.165128	50	1
221	0	3	16	0	0	0	0	-35.360161	149.164328	50	1
222	0	3	16	0	0	0	0	-35.360161	149.163528	50	1
223	0	3	16	0	0	0	0	-35.359361	149.163528	50	1
224	0	3	16	0	0	0	0	-35.358561	149.163528	50	1
225	0	3	16	0	0	0	0	-35.358561	149.164328	50	1
226	0	3	16	0	0	0	0	-35.358561	149.165128	50	1
227	0	3	16	0	0	0	0	-35.359361	149.165128	50	1
228	0	3	16	0	0	0	0	-35.360161	149.165128	50	1
229	0	3	16	0	0	0	0	-35.360161	149.164328	50	1
230	0	3	16	0	0	0	0	-35.360161	149.163528	50	1
231	0	3	16	0	0	0	0	-35.359361	149.163528	50	1
232	0	3	16	0	0	0	0	-35.358561	149.163528	50	1
233	0	3	16	0	0	0	0	-35.358561	149.164328	50	1
234	0	3	16	0	0	0	0	-35.358561	149.165128	50	1
235	0	3	16	0	0	0	0	-35.359361	149.165128	50	1
236	0	3	16	0	0	0	0	-35.360161	149.165128	50	1
237	0	3	16	0	0	0	0	-35.360161	149.164328	50	1
238	0	3	16	0	0	0	0	-35.360161	149.163528	50	1
239	0	3	16	0	0	0	0	-35.359361	149.163528	50	1
240	0	3	16	0	0	0	0	-35.358561	149.163528	50	1
241	0	3	16	0	0	0	0	-35.358561	149.164328	50	1
242	0	3	16	0	0	0	0	-35.358561	149.165128	50	1
243	0	3	16	0	0	0	0	-35.359361	149.165128	50	1
244	0	3	16	0	0	0	0	-35.360161	149.165128	50	1
245	0	3	16	0	0	0	0	-35.360161	149.164328	50	1
246	0	3	16	0	0	0	0	-35.360161	149.163528	50	1
247	0	3	16	0	0	0	0	-35.359361	149.163528	50	1
248	0	3	16	0	0	0	0	-35.358561	149.163528	50	1
249	0	3	16	0	0	0	0	-35.358561	149.164328	50	1
250	0	3	16	0	0	0	0	-35.358561	149.165128	50	1
251	0	3	16	0	0	0	0	-35.359361	149.165128	50	1
252	0	3	16	0	0	0	0	-35.360161	149.165128	50	1
253	0	3	16	0	0	0	0	-35.360161	149.164328	50	1
254	0	3	16	0	0	0	0	-35.360161	149.163528	50	1
255	0	3	16	0	0	0	0	-35.359361	149.163528	50	1
256	0	3	16	0	0	0	0	-35.358561	149.163528	50	1
257	0	3	16	0	0	0	0	-35.358561	149.164328	50	1
258	0	3	16	0	0	0	0	-35.358561	149.165128	50	1
259	0	3	16	0	0	0	0	-35.359361	149.165128	50	1
260	0	3	16	0	0	0	0	-35.360161	149.165128	50	1
261	0	3	16	0	0	0	0	-35.360161	149.164328	50	1
262	0	3	16	0	0	0	0	-35.360161	149.163528	50	1
263	0	3	16	0	0	0	0	-35.359361	149.163528	50	1
264	0	3	16	0	0	0	0	-35.358561	149.163528	50	1
265	0	3	16	0	0	0	0	-35.358561	149.164328	50	1
266	0	3	16	0	0	0	0	-35.358561	149.165128	50	1
267	0	3	16	0	0	0	0	-35.359361	149.165128	50	1
268	0	3	16	0	0	0	0	-35.360161	149.165128	50	1
269	0	3	16	0	0	0	0	-35.360161	149.164328	50	1
270	0	3	16	0	0	0	0	-35.360161	149.163528	50	1
271	0	3	16	0	0	0	0	-35.359361	149.163528	50	1
272	0	3	16	0	0	0	0	-35.358561	149.163528	50	1
273	0	3	16	0	0	0	0	-35.358561	149.164328	50	1
274	0	3	16	0	0	0	0	-35.358561	149.165128	50	1
275	0	3	16	0	0	0	0	-35.359361	149.165128	50	1
276	0	3	16	0	0	0	0	-35.360161	149.165128	50	1
277	0	3	16	0	0	0	0	-35.360161	149.164328	50	1
278	0	3	16	0	0	0	0	-35.360161	149.163528	50	1
279	0	3	16	0	0	0	0	-35.359361	149.163528	50	1
280	0	3	16	0	0	0	0	-35.358561	149.163528	50	1
281	0	3	16	0	0	0	0	-35.358561	149.164328	50	1
282	0	3	16	0	0	0	0	-35.358561	149.165128	50	1
283	0	3	16	0	0	0	0	-35.359361	149.165128	50	1
284	0	3	16	0	0	0	0	-35.360161	149.165128	50	1
285	0	3	16	0	0	0	0	-35.360161	149.164328	50	1
286	0	3	16	0	0	0	0	-35.360161	149.163528	50	1
287	0	3	16	0	0	0	0	-35.359361	149.163528	50	1
288	0	3	16	0	0	0	0	-35.358561	149.163528	50	1
289	0	3	16	0	0	0	0	-35.358561	149.164328	50	1
290	0	3	16	0	0	0	0	-35.358561	149.165128	50	1
291	0	3	16	0	0	0	0	-35.359361	149.165128	50	1
292	0	3	16	0	0	0	0	-35.360161	149.165128	50	1
293	0	3	16	0	0	0	0	-35.360161	149.164328	50	1
294	0	3	16	0	0	0	0	-35.360161	149.163528	50	1
295	0	3	16	0	0	0	0	-35.359361	149.163528	50	1
296	0	3	16	0	0	0	0	-35.358561	149.163528	50	1
297	0	3	16	0	0	0	0	-35.358561	149.164328	50	1
298	0	3	16	0	0	0	0	-35.358561	149.165128	50	1
299	0	3	16	0	0	0	0	-35.359361	149.165128	50	1
300	0	3	16	0	0	0	0	-35.360161	149.165128	50	1
301	0	3	16	0	0	0	0	-35.360161	149.164328	50	1
302	0	3	16	0	0	0	0	-35.360161	149.163528	50	1
303	0	3	16	0	0	0	0	-35.359361	149.163528	50	1
304	0	3	16	0	0	0	0	-35.358561	149.163528	50	1
305	0	3	16	0	0	0	0	-35.358561	149.164328	50	1
306	0	3	16	0	0	0	0	-35.358561	149.165128	50	1
307	0	3	16	0	0	0	0	-35.359361	149.165128	50	1
308	0	3	16	0	0	0	0	-35.360161	149.165128	50	1
309	0	3	16	0	0	0	0	-35.360161	149.164328	50	1
310	0	3	16	0	0	0	0	-35.360161	149.163528	50	1
311	0	3	16	0	0	0	0	-35.359361	149.163528	50	1
312	0	3	16	0	0	0	0	-35.358561	149.163528	50	1
313	0	3	16	0	0	0	0	-35.358561	149.164328	50	1
314	0	3	16	0	0	0	0	-35.358561	149.165128	50	1
315	0	3	16	0	0	0	0	-35.359361	149.165128	50	1
316	0	3	16	0	0	0	0	-35.360161	149.165128	50	1
317	0	3	16	0	0	0	0	-35.360161	149.164328	50	1
318	0	3	16	0	0	0	0	-35.360161	149.163528	50	1
319	0	3	16	0	0	0	0	-35.359361	149.163528	50	1
320	0	3	16	0	0	0	0	-35.358561	149.163528	50	1
321	0	3	16	0	0	0	0	-35.358561	149.164328	50	1
322	0	3	16	0	0	0	0	-35.358561	149.165128	50	1
323	0	3	16	0	0	0	0	-35.359361	149.165128	50	1
324	0	3	16	0	0	0	0	-35.360161	149.165128	50	1
325	0	3	16	0	0	0	0	-35.360161	149.164328	50	1
326	0	3	16	0	0	0	0	-35.360161	149.163528	50	1
327	0	3	16	0	0	0	0	-35.359361	149.163528	50	1
328	0	3	16	0	0	0	0	-35.358561	149.163528	50	1
329	0	3	16	0	0	0	0	-35.358561	149.164328	50	1
330	0	3	16	0	0	0	0	-35.358561	149.165128	50	1
331	0	3	16	0	0	0	0	-35.359361	149.165128	50	1
332	0	3	16	0	0	0	0	-35.360161	149.165128	50	1
333	0	3	16	0	0	0	0	-35.360161	149.164328	50	1
334	0	3	16	0	0	0	0	-35.360161	149.163528	50	1
335	0	3	16	0	0	0	0	-35.359361	149.163528	50	1
336	0	3	16	0	0	0	0	-35.358561	149.163528	50	1
337	0	3	16	0	0	0	0	-35.358561	149.164328	50	1
338	0	3	16	0	0	0	0	-35.358561	149.165128	50	1
339	0	3	16	0	0	0	0	-35.359361	149.165128	50	1
340	0	3	16	0	0	0	0	-35.360161	149.165128	50	1
341	0	3	16	0	0	0	0	-35.360161	149.164328	50	1
342	0	3	16	0	0	0	0	-35.360161	149.163528	50	1
343	0	3	16	0	0	0	0	-35.359361	149.163528	50	1
344	0	3	16	0	0	0	0	-35.358561	149.163528	50	1
345	0	3	16	0	0	0	0	-35.358561	149.164328	50	1
346	0	3	16	0	0	0	0	-35.358561	149.165128	50	1
347	0	3	16	0	0	0	0	-35.359361	149.165128	50	1
348	0	3	16	0	0	0	0	-35.360161	149.165128	50	1
349	0	3	16	0	0	0	0	-35.360161	149.164328	50	1
350	0	3	16	0	0	0	0	-35.360161	149.163528	50	1


